 Max dif between elements (Real and K-space - Numerical)   1.7763568394002505E-014

     Real Space                K-Space

  -3.4436175892517649       -3.4436175892517635     
  -3.4436175892517644       -3.4436175892517631     
  -3.4436175892517622       -3.4436175892517631     
  -3.4436175892517560       -3.4436175892517626     
  -3.4142135623731025       -3.4142135623730967     
  -3.4142135623731003       -3.4142135623730958     
  -3.4142135623730998       -3.4142135623730954     
  -3.4142135623730989       -3.4142135623730954     
  -3.4142135623730954       -3.4142135623730949     
  -3.4142135623730927       -3.4142135623730949     
  -3.4142135623730905       -3.4142135623730949     
  -3.4142135623730869       -3.4142135623730936     
  -3.3692036488560548       -3.3692036488560371     
  -3.3692036488560353       -3.3692036488560371     
  -3.3692036488560304       -3.3692036488560348     
  -3.3692036488560295       -3.3692036488560348     
  -3.3344142183389831       -3.3344142183389787     
  -3.3344142183389813       -3.3344142183389787     
  -3.3344142183389800       -3.3344142183389778     
  -3.3344142183389773       -3.3344142183389778     
  -3.3344142183389747       -3.3344142183389773     
  -3.3344142183389747       -3.3344142183389769     
  -3.3344142183389729       -3.3344142183389764     
  -3.3344142183389698       -3.3344142183389751     
  -3.1865248761622733       -3.1865248761622702     
  -3.1865248761622729       -3.1865248761622693     
  -3.1865248761622684       -3.1865248761622693     
  -3.1865248761622653       -3.1865248761622689     
  -3.0204930587092886       -3.0204930587092838     
  -3.0204930587092882       -3.0204930587092838     
  -3.0204930587092846       -3.0204930587092829     
  -3.0204930587092815       -3.0204930587092829     
  -2.3847771660839863       -2.3847771660839894     
  -2.3847771660839863       -2.3847771660839889     
  -2.3847771660839840       -2.3847771660839889     
  -2.3847771660839809       -2.3847771660839880     
  -2.1041326758698773       -2.1041326758698768     
  -2.1041326758698768       -2.1041326758698760     
  -2.1041326758698751       -2.1041326758698760     
  -2.1041326758698728       -2.1041326758698742     
  -1.7419637843027336       -1.7419637843027269     
  -1.7419637843027276       -1.7419637843027260     
  -1.7419637843027274       -1.7419637843027258     
  -1.7419637843027249       -1.7419637843027258     
  -1.7419637843027240       -1.7419637843027256     
  -1.7419637843027225       -1.7419637843027254     
  -1.7419637843027225       -1.7419637843027249     
  -1.7419637843027209       -1.7419637843027238     
  -1.6219920178324239       -1.6219920178324225     
  -1.6219920178324219       -1.6219920178324221     
  -1.6219920178324196       -1.6219920178324212     
  -1.6219920178324185       -1.6219920178324212     
  -1.4142135623730949       -1.4142135623730963     
  -1.4142135623730949       -1.4142135623730956     
  -1.4142135623730947       -1.4142135623730954     
  -1.4142135623730929       -1.4142135623730954     
  -1.4142135623730923       -1.4142135623730951     
  -1.4142135623730920       -1.4142135623730949     
  -1.4142135623730914       -1.4142135623730940     
  -1.4142135623730892       -1.4142135623730936     
  -1.1695083405009901       -1.1695083405009898     
  -1.1695083405009870       -1.1695083405009896     
  -1.1695083405009856       -1.1695083405009894     
  -1.1695083405009850       -1.1695083405009887     
 -0.83049165949900960      -0.83049165949901171     
 -0.83049165949900938      -0.83049165949901116     
 -0.83049165949900927      -0.83049165949901071     
 -0.83049165949900694      -0.83049165949901016     
 -0.58578643762690896      -0.58578643762690574     
 -0.58578643762690763      -0.58578643762690552     
 -0.58578643762690652      -0.58578643762690541     
 -0.58578643762690596      -0.58578643762690508     
 -0.58578643762690585      -0.58578643762690497     
 -0.58578643762690397      -0.58578643762690485     
 -0.58578643762689975      -0.58578643762690485     
 -0.58578643762689764      -0.58578643762690441     
 -0.37800798216758474      -0.37800798216757875     
 -0.37800798216758030      -0.37800798216757864     
 -0.37800798216757897      -0.37800798216757853     
 -0.37800798216757597      -0.37800798216757819     
 -0.25803621569727880      -0.25803621569727514     
 -0.25803621569727875      -0.25803621569727475     
 -0.25803621569727764      -0.25803621569727436     
 -0.25803621569727453      -0.25803621569727420     
 -0.25803621569727353      -0.25803621569727397     
 -0.25803621569727309      -0.25803621569727381     
 -0.25803621569727231      -0.25803621569727381     
 -0.25803621569726920      -0.25803621569727320     
  0.10413267586987301       0.10413267586987496     
  0.10413267586987490       0.10413267586987512     
  0.10413267586987508       0.10413267586987515     
  0.10413267586987544       0.10413267586987535     
  0.38477716608398771       0.38477716608398954     
  0.38477716608398949       0.38477716608398993     
  0.38477716608399193       0.38477716608399037     
  0.38477716608399565       0.38477716608399065     
   1.0204930587092780        1.0204930587092826     
   1.0204930587092780        1.0204930587092826     
   1.0204930587092820        1.0204930587092833     
   1.0204930587092846        1.0204930587092835     
   1.1865248761622635        1.1865248761622698     
   1.1865248761622673        1.1865248761622698     
   1.1865248761622698        1.1865248761622698     
   1.1865248761622724        1.1865248761622700     
   1.3344142183389682        1.3344142183389762     
   1.3344142183389711        1.3344142183389764     
   1.3344142183389749        1.3344142183389769     
   1.3344142183389749        1.3344142183389771     
   1.3344142183389764        1.3344142183389773     
   1.3344142183389793        1.3344142183389773     
   1.3344142183389796        1.3344142183389776     
   1.3344142183389796        1.3344142183389780     
   1.3692036488560311        1.3692036488560357     
   1.3692036488560333        1.3692036488560357     
   1.3692036488560340        1.3692036488560360     
   1.3692036488560346        1.3692036488560366     
   1.4142135623730872        1.4142135623730943     
   1.4142135623730909        1.4142135623730947     
   1.4142135623730931        1.4142135623730949     
   1.4142135623730969        1.4142135623730951     
   1.4142135623730987        1.4142135623730951     
   1.4142135623730989        1.4142135623730951     
   1.4142135623730998        1.4142135623730951     
   1.4142135623731056        1.4142135623730954     
   1.4436175892517584        1.4436175892517626     
   1.4436175892517615        1.4436175892517633     
   1.4436175892517631        1.4436175892517633     
   1.4436175892517653        1.4436175892517638     
   1.9999999999999862        1.9999999999999987     
   1.9999999999999865        1.9999999999999989     
   1.9999999999999891        1.9999999999999991     
   1.9999999999999905        1.9999999999999991     
   1.9999999999999925        1.9999999999999991     
   1.9999999999999925        1.9999999999999991     
   1.9999999999999929        1.9999999999999991     
   1.9999999999999931        1.9999999999999993     
   1.9999999999999936        1.9999999999999996     
   1.9999999999999938        1.9999999999999996     
   1.9999999999999951        1.9999999999999996     
   1.9999999999999951        1.9999999999999996     
   1.9999999999999953        1.9999999999999998     
   1.9999999999999958        1.9999999999999998     
   1.9999999999999962        1.9999999999999998     
   1.9999999999999964        1.9999999999999998     
   1.9999999999999969        1.9999999999999998     
   1.9999999999999978        1.9999999999999998     
   1.9999999999999980        2.0000000000000000     
   1.9999999999999980        2.0000000000000000     
   1.9999999999999982        2.0000000000000000     
   1.9999999999999982        2.0000000000000000     
   1.9999999999999984        2.0000000000000000     
   1.9999999999999984        2.0000000000000000     
   1.9999999999999984        2.0000000000000000     
   1.9999999999999987        2.0000000000000000     
   1.9999999999999993        2.0000000000000000     
   1.9999999999999993        2.0000000000000000     
   1.9999999999999993        2.0000000000000000     
   1.9999999999999996        2.0000000000000000     
   1.9999999999999996        2.0000000000000000     
   1.9999999999999998        2.0000000000000000     
   1.9999999999999998        2.0000000000000000     
   2.0000000000000000        2.0000000000000000     
   2.0000000000000000        2.0000000000000000     
   2.0000000000000000        2.0000000000000000     
   2.0000000000000004        2.0000000000000000     
   2.0000000000000004        2.0000000000000000     
   2.0000000000000004        2.0000000000000000     
   2.0000000000000004        2.0000000000000000     
   2.0000000000000004        2.0000000000000000     
   2.0000000000000004        2.0000000000000004     
   2.0000000000000004        2.0000000000000004     
   2.0000000000000009        2.0000000000000004     
   2.0000000000000009        2.0000000000000004     
   2.0000000000000013        2.0000000000000004     
   2.0000000000000013        2.0000000000000004     
   2.0000000000000018        2.0000000000000004     
   2.0000000000000018        2.0000000000000004     
   2.0000000000000031        2.0000000000000004     
   2.0000000000000036        2.0000000000000004     
   2.0000000000000036        2.0000000000000004     
   2.0000000000000040        2.0000000000000004     
   2.0000000000000040        2.0000000000000004     
   2.0000000000000058        2.0000000000000004     
   2.0000000000000067        2.0000000000000004     
   2.0000000000000071        2.0000000000000009     
   2.0000000000000071        2.0000000000000009     
   2.0000000000000075        2.0000000000000009     
   2.0000000000000075        2.0000000000000009     
   2.0000000000000098        2.0000000000000009     
   2.0000000000000102        2.0000000000000009     
   2.0000000000000124        2.0000000000000013     
   2.0000000000000142        2.0000000000000013     
