  -2.0000000000000031     
  -2.0000000000000027     
  -2.0000000000000018     
  -2.0000000000000009     
  -2.0000000000000000     
  -2.0000000000000000     
  -2.0000000000000000     
  -1.9999999999999998     
  -1.9999999999999998     
  -1.9999999999999998     
  -1.9999999999999991     
  -1.9999999999999987     
  -1.9999999999999982     
  -1.9999999999999982     
  -1.9999999999999971     
  -1.9999999999999962     
  -1.9999999999999960     
  -1.2360679774997934     
  -1.2360679774997916     
  -1.2360679774997898     
  -1.2360679774997896     
  -1.2360679774997885     
  -1.2360679774997883     
  -4.6344085809929437E-015
  -2.6454503490574796E-015
  -2.4196635083059028E-015
  -1.3150047598614084E-015
  -3.0510180460796328E-016
   1.1851175014116570E-016
   6.7523822480054424E-016
   1.2134660408278211E-015
   1.3321716564958314E-015
   1.9999999999999967     
   1.9999999999999967     
   1.9999999999999980     
   1.9999999999999984     
   1.9999999999999987     
   1.9999999999999998     
   2.0000000000000027     
   2.0000000000000031     
   2.0000000000000044     
   3.2360679774997849     
   3.2360679774997863     
   3.2360679774997885     
   3.2360679774997889     
   3.2360679774997911     
   3.2360679774997965     
   4.0000000000000071     
