 Max dif between elements (Analytical and Numerical)   1.6875389974302379E-014

 Max dif between elements (Real and K-space)   1.3322676295501878E-015

     Analytical                Real Space                K-Space

  -2.0000000000000000       -2.0000000000000098       -2.0000000000000009     
  -2.0000000000000000       -2.0000000000000093       -2.0000000000000009     
  -2.0000000000000000       -2.0000000000000089       -2.0000000000000009     
  -2.0000000000000000       -2.0000000000000084       -2.0000000000000004     
  -2.0000000000000000       -2.0000000000000080       -2.0000000000000004     
  -2.0000000000000000       -2.0000000000000049       -2.0000000000000004     
  -2.0000000000000000       -2.0000000000000049       -2.0000000000000004     
  -2.0000000000000000       -2.0000000000000049       -2.0000000000000004     
  -2.0000000000000000       -2.0000000000000049       -2.0000000000000004     
  -2.0000000000000000       -2.0000000000000040       -2.0000000000000004     
  -2.0000000000000000       -2.0000000000000036       -2.0000000000000004     
  -2.0000000000000000       -2.0000000000000036       -2.0000000000000004     
  -2.0000000000000000       -2.0000000000000031       -2.0000000000000004     
  -2.0000000000000000       -2.0000000000000027       -2.0000000000000004     
  -2.0000000000000000       -2.0000000000000018       -2.0000000000000000     
  -2.0000000000000000       -2.0000000000000013       -2.0000000000000000     
  -2.0000000000000000       -2.0000000000000009       -2.0000000000000000     
  -2.0000000000000000       -2.0000000000000009       -2.0000000000000000     
  -2.0000000000000000       -2.0000000000000009       -2.0000000000000000     
  -2.0000000000000000       -2.0000000000000009       -2.0000000000000000     
  -2.0000000000000000       -2.0000000000000009       -2.0000000000000000     
  -2.0000000000000000       -2.0000000000000009       -2.0000000000000000     
  -2.0000000000000000       -2.0000000000000004       -2.0000000000000000     
  -2.0000000000000000       -2.0000000000000004       -2.0000000000000000     
  -2.0000000000000000       -2.0000000000000004       -2.0000000000000000     
  -2.0000000000000000       -2.0000000000000004       -2.0000000000000000     
  -2.0000000000000000       -2.0000000000000000       -2.0000000000000000     
  -2.0000000000000000       -2.0000000000000000       -2.0000000000000000     
  -2.0000000000000000       -2.0000000000000000       -2.0000000000000000     
  -2.0000000000000000       -2.0000000000000000       -2.0000000000000000     
  -2.0000000000000000       -2.0000000000000000       -2.0000000000000000     
  -2.0000000000000000       -2.0000000000000000       -2.0000000000000000     
  -2.0000000000000000       -2.0000000000000000       -2.0000000000000000     
  -2.0000000000000000       -2.0000000000000000       -2.0000000000000000     
  -2.0000000000000000       -1.9999999999999998       -2.0000000000000000     
  -2.0000000000000000       -1.9999999999999996       -2.0000000000000000     
  -2.0000000000000000       -1.9999999999999996       -2.0000000000000000     
  -2.0000000000000000       -1.9999999999999993       -2.0000000000000000     
  -2.0000000000000000       -1.9999999999999993       -2.0000000000000000     
  -2.0000000000000000       -1.9999999999999991       -2.0000000000000000     
  -2.0000000000000000       -1.9999999999999991       -2.0000000000000000     
  -2.0000000000000000       -1.9999999999999989       -2.0000000000000000     
  -2.0000000000000000       -1.9999999999999989       -2.0000000000000000     
  -2.0000000000000000       -1.9999999999999989       -2.0000000000000000     
  -2.0000000000000000       -1.9999999999999989       -2.0000000000000000     
  -2.0000000000000000       -1.9999999999999989       -2.0000000000000000     
  -2.0000000000000000       -1.9999999999999987       -1.9999999999999998     
  -2.0000000000000000       -1.9999999999999984       -1.9999999999999998     
  -2.0000000000000000       -1.9999999999999982       -1.9999999999999998     
  -2.0000000000000000       -1.9999999999999982       -1.9999999999999998     
  -2.0000000000000000       -1.9999999999999980       -1.9999999999999998     
  -2.0000000000000000       -1.9999999999999980       -1.9999999999999998     
  -2.0000000000000000       -1.9999999999999978       -1.9999999999999998     
  -2.0000000000000000       -1.9999999999999978       -1.9999999999999998     
  -2.0000000000000000       -1.9999999999999976       -1.9999999999999998     
  -2.0000000000000000       -1.9999999999999976       -1.9999999999999998     
  -2.0000000000000000       -1.9999999999999973       -1.9999999999999998     
  -2.0000000000000000       -1.9999999999999973       -1.9999999999999998     
  -2.0000000000000000       -1.9999999999999971       -1.9999999999999998     
  -2.0000000000000000       -1.9999999999999969       -1.9999999999999998     
  -2.0000000000000000       -1.9999999999999967       -1.9999999999999998     
  -2.0000000000000000       -1.9999999999999964       -1.9999999999999998     
  -2.0000000000000000       -1.9999999999999962       -1.9999999999999998     
  -2.0000000000000000       -1.9999999999999958       -1.9999999999999998     
  -2.0000000000000000       -1.9999999999999956       -1.9999999999999998     
  -2.0000000000000000       -1.9999999999999953       -1.9999999999999996     
  -2.0000000000000000       -1.9999999999999951       -1.9999999999999996     
  -2.0000000000000000       -1.9999999999999949       -1.9999999999999996     
  -2.0000000000000000       -1.9999999999999944       -1.9999999999999996     
  -2.0000000000000000       -1.9999999999999940       -1.9999999999999996     
  -2.0000000000000000       -1.9999999999999940       -1.9999999999999996     
  -2.0000000000000000       -1.9999999999999936       -1.9999999999999996     
  -2.0000000000000000       -1.9999999999999922       -1.9999999999999996     
  -2.0000000000000000       -1.9999999999999920       -1.9999999999999996     
  -2.0000000000000000       -1.9999999999999913       -1.9999999999999996     
  -2.0000000000000000       -1.9999999999999902       -1.9999999999999993     
  -2.0000000000000000       -1.9999999999999896       -1.9999999999999993     
  -2.0000000000000000       -1.9999999999999889       -1.9999999999999993     
  -2.0000000000000000       -1.9999999999999873       -1.9999999999999993     
  -2.0000000000000000       -1.9999999999999869       -1.9999999999999993     
  -2.0000000000000000       -1.9999999999999831       -1.9999999999999991     
  -1.9595220024766893       -1.9595220024766888       -1.9595220024766893     
  -1.9595220024766893       -1.9595220024766871       -1.9595220024766893     
  -1.8793852415718169       -1.8793852415718204       -1.8793852415718169     
  -1.8793852415718169       -1.8793852415718171       -1.8793852415718169     
  -1.7224022714892402       -1.7224022714892442       -1.7224022714892411     
  -1.7224022714892402       -1.7224022714892406       -1.7224022714892402     
  -1.7224022714892402       -1.7224022714892404       -1.7224022714892400     
  -1.7224022714892402       -1.7224022714892362       -1.7224022714892397     
  -1.6457513110645907       -1.6457513110645932       -1.6457513110645907     
  -1.6457513110645907       -1.6457513110645909       -1.6457513110645907     
  -1.4953319612640072       -1.4953319612640139       -1.4953319612640077     
  -1.4953319612640072       -1.4953319612640130       -1.4953319612640072     
  -1.4953319612640072       -1.4953319612640088       -1.4953319612640072     
  -1.4953319612640072       -1.4953319612640072       -1.4953319612640070     
  -1.2770139505290907       -1.2770139505290998       -1.2770139505290905     
  -1.2770139505290907       -1.2770139505290932       -1.2770139505290905     
  -1.2770139505290907       -1.2770139505290894       -1.2770139505290896     
  -1.2770139505290907       -1.2770139505290892       -1.2770139505290896     
  -1.2089330550226771       -1.2089330550226820       -1.2089330550226776     
  -1.2089330550226771       -1.2089330550226787       -1.2089330550226773     
  -1.2089330550226771       -1.2089330550226776       -1.2089330550226773     
  -1.2089330550226771       -1.2089330550226771       -1.2089330550226765     
  -1.0749475389349676       -1.0749475389349690       -1.0749475389349681     
  -1.0749475389349676       -1.0749475389349652       -1.0749475389349681     
  -1.0000000000000004      -0.99999999999999978       -1.0000000000000000     
  -1.0000000000000004      -0.99999999999999845       -1.0000000000000000     
 -0.87938524157181708      -0.87938524157181708      -0.87938524157181741     
 -0.87938524157181708      -0.87938524157181397      -0.87938524157181686     
 -0.87938524157181641      -0.87938524157181364      -0.87938524157181641     
 -0.87938524157181641      -0.87938524157181253      -0.87938524157181597     
 -0.67785800027770682      -0.67785800027770848      -0.67785800027770715     
 -0.67785800027770682      -0.67785800027770748      -0.67785800027770682     
 -0.67785800027770660      -0.67785800027770482      -0.67785800027770682     
 -0.67785800027770660      -0.67785800027770216      -0.67785800027770671     
 -0.62871226576892325      -0.62871226576892492      -0.62871226576892381     
 -0.62871226576892325      -0.62871226576892048      -0.62871226576892358     
 -0.62871226576892325      -0.62871226576892025      -0.62871226576892303     
 -0.62871226576892325      -0.62871226576891992      -0.62871226576892281     
 -0.53208888623795625      -0.53208888623795925      -0.53208888623795692     
 -0.53208888623795625      -0.53208888623795758      -0.53208888623795669     
 -0.53208888623795625      -0.53208888623795758      -0.53208888623795625     
 -0.53208888623795625      -0.53208888623795625      -0.53208888623795580     
 -0.39133828651557212      -0.39133828651557662      -0.39133828651557240     
 -0.39133828651557190      -0.39133828651556996      -0.39133828651557179     
 -0.33166001783275112      -0.33166001783275068      -0.33166001783275140     
 -0.33166001783275112      -0.33166001783275023      -0.33166001783275140     
 -0.33166001783275112      -0.33166001783274951      -0.33166001783275129     
 -0.33166001783275112      -0.33166001783274890      -0.33166001783275129     
 -0.21157381688531207      -0.21157381688531632      -0.21157381688531213     
 -0.21157381688531207      -0.21157381688531501      -0.21157381688531204     
 -0.21157381688531185      -0.21157381688531479      -0.21157381688531191     
 -0.21157381688531185      -0.21157381688531035      -0.21157381688531185     
   0.0000000000000000       -1.0288163362608423E-014  -4.3021142204224816E-016
   0.0000000000000000       -7.2226164523835926E-015  -2.2204460492503131E-016
   0.0000000000000000       -6.2166751922325994E-015  -6.2249038354642415E-017
   0.0000000000000000       -6.0177560719354956E-015  -1.3877787807814457E-017
   0.0000000000000000       -5.6674341584955317E-015  -5.5650142182981081E-018
   0.0000000000000000       -5.0802774523843655E-015  -1.4997597826618576E-032
   0.0000000000000000       -3.1252479529294362E-015  -1.3243212150916510E-032
   0.0000000000000000       -1.1128873169758995E-015  -8.8009516792962055E-033
   0.0000000000000000       -8.9897322161983861E-016  -3.7493994566546440E-033
   0.0000000000000000       -6.6882611940960454E-016   3.7493994566546440E-033
   0.0000000000000000       -2.6534150520082758E-017   8.8009516792962151E-033
   0.0000000000000000        1.4439281143565309E-016   1.3243212150916507E-032
   0.0000000000000000        2.2291086678203151E-016   5.5650142182981081E-018
   0.0000000000000000        1.0107042921545159E-015   5.7912163490251393E-017
   0.0000000000000000        1.7354196393315512E-015   2.2204460492503131E-016
   0.0000000000000000        3.0740763900563924E-015   4.3021142204224816E-016
   0.0000000000000000        4.4090612506488386E-015   4.8572257327350599E-016
  0.23284560081413386       0.23284560081413239       0.23284560081413355     
  0.23284560081413386       0.23284560081413272       0.23284560081413375     
  0.23284560081413386       0.23284560081413305       0.23284560081413397     
  0.23284560081413386       0.23284560081413605       0.23284560081413405     
  0.34729635533386061       0.34729635533385739       0.34729635533386005     
  0.34729635533386061       0.34729635533385900       0.34729635533386005     
  0.46791111376204353       0.46791111376204114       0.46791111376204370     
  0.46791111376204353       0.46791111376204414       0.46791111376204381     
  0.65270364466613939       0.65270364466613440       0.65270364466613895     
  0.65270364466613939       0.65270364466613751       0.65270364466613928     
  0.65270364466613939       0.65270364466613784       0.65270364466613928     
  0.65270364466613939       0.65270364466614639       0.65270364466613939     
   1.3472963553338606        1.3472963553338559        1.3472963553338604     
   1.3472963553338606        1.3472963553338566        1.3472963553338606     
   1.3472963553338606        1.3472963553338573        1.3472963553338611     
   1.3472963553338606        1.3472963553338630        1.3472963553338611     
   1.5320888862379565        1.5320888862379545        1.5320888862379560     
   1.5320888862379565        1.5320888862379556        1.5320888862379560     
   1.6527036446661394        1.6527036446661356        1.6527036446661396     
   1.6527036446661394        1.6527036446661407        1.6527036446661396     
   1.7671543991858663        1.7671543991858636        1.7671543991858660     
   1.7671543991858663        1.7671543991858640        1.7671543991858660     
   1.7671543991858663        1.7671543991858651        1.7671543991858665     
   1.7671543991858663        1.7671543991858658        1.7671543991858665     
   2.0000000000000000        1.9999999999999916        1.9999999999999996     
   2.0000000000000000        1.9999999999999958        1.9999999999999996     
   2.0000000000000000        1.9999999999999964        1.9999999999999996     
   2.0000000000000000        1.9999999999999978        1.9999999999999996     
   2.0000000000000000        1.9999999999999978        1.9999999999999996     
   2.0000000000000000        1.9999999999999987        1.9999999999999998     
   2.0000000000000000        1.9999999999999991        1.9999999999999998     
   2.0000000000000000        2.0000000000000000        1.9999999999999998     
   2.0000000000000000        2.0000000000000004        1.9999999999999998     
   2.0000000000000000        2.0000000000000009        1.9999999999999998     
   2.0000000000000000        2.0000000000000018        1.9999999999999998     
   2.0000000000000000        2.0000000000000022        2.0000000000000000     
   2.0000000000000000        2.0000000000000022        2.0000000000000000     
   2.0000000000000000        2.0000000000000031        2.0000000000000000     
   2.0000000000000000        2.0000000000000040        2.0000000000000000     
   2.0000000000000000        2.0000000000000049        2.0000000000000000     
   2.0000000000000000        2.0000000000000084        2.0000000000000000     
   2.2115738168853118        2.2115738168853052        2.2115738168853114     
   2.2115738168853118        2.2115738168853110        2.2115738168853118     
   2.2115738168853118        2.2115738168853150        2.2115738168853118     
   2.2115738168853118        2.2115738168853158        2.2115738168853123     
   2.3316600178327511        2.3316600178327453        2.3316600178327516     
   2.3316600178327511        2.3316600178327493        2.3316600178327516     
   2.3316600178327511        2.3316600178327498        2.3316600178327520     
   2.3316600178327511        2.3316600178327525        2.3316600178327520     
   2.3913382865155719        2.3913382865155719        2.3913382865155719     
   2.3913382865155723        2.3913382865155728        2.3913382865155719     
   2.5320888862379562        2.5320888862379540        2.5320888862379567     
   2.5320888862379562        2.5320888862379580        2.5320888862379567     
   2.5320888862379562        2.5320888862379580        2.5320888862379571     
   2.5320888862379562        2.5320888862379620        2.5320888862379571     
   2.6287122657689235        2.6287122657689195        2.6287122657689235     
   2.6287122657689235        2.6287122657689208        2.6287122657689235     
   2.6287122657689235        2.6287122657689261        2.6287122657689239     
   2.6287122657689235        2.6287122657689279        2.6287122657689239     
   2.6778580002777064        2.6778580002777019        2.6778580002777068     
   2.6778580002777064        2.6778580002777055        2.6778580002777068     
   2.6778580002777068        2.6778580002777064        2.6778580002777073     
   2.6778580002777068        2.6778580002777157        2.6778580002777073     
   2.8793852415718164        2.8793852415718146        2.8793852415718160     
   2.8793852415718164        2.8793852415718160        2.8793852415718160     
   2.8793852415718169        2.8793852415718177        2.8793852415718160     
   2.8793852415718169        2.8793852415718248        2.8793852415718169     
   3.0000000000000004        2.9999999999999987        3.0000000000000009     
   3.0000000000000004        3.0000000000000036        3.0000000000000009     
   3.0749475389349676        3.0749475389349672        3.0749475389349685     
   3.0749475389349676        3.0749475389349681        3.0749475389349685     
   3.2089330550226771        3.2089330550226745        3.2089330550226771     
   3.2089330550226771        3.2089330550226758        3.2089330550226771     
   3.2089330550226771        3.2089330550226762        3.2089330550226771     
   3.2089330550226771        3.2089330550226856        3.2089330550226776     
   3.2770139505290907        3.2770139505290818        3.2770139505290912     
   3.2770139505290907        3.2770139505290885        3.2770139505290912     
   3.2770139505290907        3.2770139505290889        3.2770139505290912     
   3.2770139505290907        3.2770139505290903        3.2770139505290912     
   3.4953319612640072        3.4953319612640037        3.4953319612640072     
   3.4953319612640072        3.4953319612640064        3.4953319612640072     
   3.4953319612640072        3.4953319612640077        3.4953319612640072     
   3.4953319612640072        3.4953319612640201        3.4953319612640081     
   3.6457513110645907        3.6457513110645858        3.6457513110645907     
   3.6457513110645907        3.6457513110645912        3.6457513110645907     
   3.7224022714892402        3.7224022714892282        3.7224022714892393     
   3.7224022714892402        3.7224022714892349        3.7224022714892397     
   3.7224022714892402        3.7224022714892393        3.7224022714892406     
   3.7224022714892402        3.7224022714892402        3.7224022714892415     
   3.8793852415718169        3.8793852415718195        3.8793852415718169     
   3.8793852415718169        3.8793852415718244        3.8793852415718169     
   3.9595220024766893        3.9595220024766911        3.9595220024766893     
   3.9595220024766893        3.9595220024766928        3.9595220024766893     
